0.1 0.00718399448123 4.45978998557e-05
0.2 0.00595064258292 8.08335534112e-05
0.3 0.00555275384236 9.81380338203e-05
0.4 0.00457241351434 0.000115963699028
0.5 0.00414572560088 0.000121518298552
0.6 0.00370563865431 0.000134004240785
0.7 0.00333955615319 0.000150914599334
0.8 0.00316806161537 0.000139863496112
0.9 0.00271159902794 0.00014947583862
1.0 0.00268144686352 0.000140960169351
1.1 0.00241599939221 0.00014701722512
1.2 0.00235343822188 0.000142705877342
1.3 0.00236158877822 0.000149883260795
1.4 0.00217555244134 0.000160252809527
1.5 0.00200963358033 0.000166893536252
1.6 0.00205019570029 0.000159413181524
1.7 0.0018895136723 0.000151755510609
1.8 0.00187631486055 0.00016380574962
1.9 0.00178442589717 0.000155297658618
2.0 0.00174887034186 0.000160857144002
2.1 0.00173222104074 0.000161119661078
2.2 0.0017287308725 0.000164056738701
2.3 0.00170161515958 0.000173855938049
2.4 0.00165639216238 0.000182793799444
2.5 0.00162422338332 0.000169741186404
2.6 0.00161661193526 0.000177417809065
2.7 0.00157466763134 0.000178572263244
2.8 0.00159586154447 0.000185854976354
2.9 0.00161892476643 0.000186501345458
3.0 0.00153015981115 0.000189495969825
3.1 0.00157969853422 0.000190068989574
3.2 0.00150368433684 0.000189627805739
3.3 0.00150722717269 0.000189674673163
3.4 0.00143328368006 0.000187355432323
3.5 0.00146740183938 0.00020606534672
3.6 0.00143491606004 0.000197089208872
3.7 0.00138783406949 0.000197534356015
3.8 0.00132162247248 0.000208802346472
3.9 0.00132144312068 0.000197117272905
4.0 0.00132980606485 0.000210824116501
4.1 0.00132460986883 0.000200646722074
4.2 0.00134943157667 0.000203442014876
4.3 0.00128675461179 0.000205928008472
4.4 0.00129244911638 0.000216766024352
4.5 0.00130933571968 0.000220935723712
4.6 0.00125277470042 0.00021028091678
4.7 0.00124286278374 0.000213052206792
4.8 0.00119015566803 0.000215334157606
4.9 0.00119832413103 0.000219742796223
5.0 0.00121542203441 0.000213810454823
5.1 0.00119774546385 0.000217978047979
5.2 0.00113228314919 0.000220858863444
5.3 0.00112084736214 0.000220966504618
5.4 0.00110960676904 0.000213807941587
5.5 0.00109518527035 0.000227002903239
5.6 0.00108422672124 0.000218978917109
5.7 0.00111320508551 0.000216646764302
5.8 0.00104395866233 0.000229192660416
5.9 0.0010723972762 0.000223488615105
6.0 0.00105561698217 0.000225860611255
6.1 0.00101676261438 0.000234678043979
6.2 0.00102441423422 0.000227160454962
6.3 0.00104341735371 0.000228918836665
6.4 0.00100187905729 0.000238854035855
6.5 0.000983941056545 0.00023689343839
6.6 0.000965985872996 0.000237939704709
6.7 0.000941945546337 0.000235196496126
6.8 0.000967138263578 0.000240262751381
6.9 0.000963685780317 0.000234448885726
7.0 0.000905357231636 0.000248864073437
7.1 0.000918678693757 0.000235919715716
7.2 0.000936180348818 0.000243626032065
7.3 0.000943031201545 0.000236138922764
7.4 0.000918548111881 0.000250803289318
7.5 0.000870775042067 0.00023705339071
7.6 0.000880408757174 0.000250104691113
7.7 0.000878088472859 0.000244681731661
7.8 0.000871630308076 0.000250619308429
7.9 0.000903204320666 0.000250548573777
8.0 0.000861138340359 0.000242861049546
8.1 0.000894033598331 0.000244286311094
8.2 0.000864460461349 0.00025726554909
8.3 0.000836476669872 0.000241259034899
8.4 0.000828423949854 0.000250197382758
8.5 0.000856736630452 0.000255170348213
8.6 0.00084087539682 0.000250042130496
8.7 0.000816837462329 0.000258661555162
8.8 0.000817937190626 0.000261760537488
8.9 0.000791833265213 0.000262612462821
9.0 0.000813095999438 0.000271757274762
9.1 0.000808294616492 0.000259026671091
9.2 0.000826943526646 0.000258966004138
9.3 0.000817435519829 0.000260969217731
9.4 0.000810383127472 0.000261332763389
9.5 0.000780217364505 0.000257752060624
9.6 0.000778210433799 0.000259032745423
9.7 0.000779978614182 0.000263360320389
9.8 0.000759849661997 0.000256804501256
9.9 0.000797461840655 0.000262693858853
10.0 0.000764755025024 0.000261236993852
10.1 0.000746897258966 0.000270531788147
10.2 0.000778128697663 0.000275288481052
10.3 0.000724794055554 0.000255862437853
10.4 0.000737066797063 0.000259645826826
10.5 0.000774372692415 0.000269731221369
10.6 0.0007310465722 0.000272767471346
10.7 0.000737014337459 0.000284094517809
10.8 0.000737866142238 0.000262481394358
10.9 0.000735933625893 0.000275800696576
11.0 0.000734948628089 0.00027111598609
11.1 0.000735551839456 0.000283030483235
11.2 0.000728728470945 0.000291641687772
11.3 0.000717560927104 0.000267594536215
11.4 0.000691478394554 0.000278261601114
11.5 0.000718685118796 0.000269678344844
11.6 0.00073255863997 0.000276979097611
11.7 0.000729972904174 0.000284720101004
11.8 0.000708200880464 0.000297143273401
11.9 0.000687833341687 0.000289638242504
12.0 0.000683020825286 0.000289047929205
12.1 0.000694917228991 0.000283071372771
12.2 0.000700825121181 0.000287051116075
12.3 0.000685203324553 0.000289489742665
12.4 0.000711455887137 0.000277849063487
12.5 0.000699166679601 0.000301399803084
12.6 0.000672153362216 0.000303556262718
12.7 0.00067844091589 0.000291025901052
12.8 0.000679282250907 0.000293501330836
12.9 0.000670513352661 0.000294859614038
13.0 0.000647080165058 0.000299200986619
13.1 0.00064561387293 0.000286146349146
13.2 0.000668240748788 0.000292581985441
13.3 0.000648293298327 0.000291620099645
13.4 0.000657545166121 0.000296599283335
13.5 0.000650097157004 0.0002947615663
13.6 0.000663685866057 0.0002928473688
13.7 0.000661957838487 0.000303412712685
13.8 0.000636083817921 0.000304855948297
13.9 0.000656311972031 0.000315218833592
14.0 0.000631832341152 0.000304243321569
14.1 0.000645064405407 0.000295769910764
14.2 0.000639585427105 0.000315205794163
14.3 0.000638646285114 0.000304364804199
14.4 0.000646653128357 0.000306131234871
14.5 0.000615308283981 0.000306806418283
14.6 0.000621576392998 0.000309558331393
14.7 0.000624065734896 0.000301367953916
14.8 0.000607354714766 0.000312508613663
14.9 0.000635972262993 0.000321984922895
15.0 0.000621835482285 0.000309305349119
15.1 0.00064256845102 0.000302557902475
15.2 0.000649860809377 0.000309386581567
15.3 0.000595950823156 0.000310023243963
15.4 0.000625272981001 0.000323335680977
15.5 0.00060686648517 0.000320895704976
15.6 0.000605551312371 0.000311860972475
15.7 0.000618593834866 0.000320451393611
15.8 0.000613883876949 0.000324985643432
15.9 0.000628963440377 0.000326188736614
16.0 0.000614394788519 0.000319823977916
16.1 0.000607807596081 0.000320689611603
16.2 0.000596163342043 0.000303832951926
16.3 0.000609595813562 0.000335718898151
16.4 0.000627886884117 0.000324508069187
16.5 0.0006114877222 0.000320983612627
16.6 0.000617688656377 0.000337518273789
16.7 0.000596351592434 0.000326946568862
16.8 0.00060541839002 0.000330483795222
16.9 0.000598726814223 0.00033616324873
17.0 0.000588288711871 0.000339333405722
17.1 0.000591908863796 0.000341207752997
17.2 0.000601467837666 0.000336268133864
17.3 0.000592424875421 0.000334146070432
17.4 0.000605803294725 0.000331622412514
17.5 0.000594099079464 0.000338108380938
17.6 0.000608911800065 0.000338489802564
17.7 0.000574106601852 0.000339719224932
17.8 0.000613921957289 0.000351186896809
17.9 0.000591078833427 0.000337573646985
18.0 0.000567560550198 0.00033810988862
18.1 0.000592790512297 0.000360935515543
18.2 0.000585862506472 0.000326234661695
18.3 0.000587511233721 0.000359710501415
18.4 0.000587963118443 0.000341684716969
18.5 0.00059791389077 0.000339076073819
18.6 0.00058035566499 0.000354051173836
18.7 0.000589655511186 0.000354057038616
18.8 0.000589455497375 0.000350945543567
18.9 0.000577965957113 0.000358377388579
19.0 0.000588053303049 0.000356637911084
19.1 0.000598222403803 0.000356370593835
19.2 0.000582755312235 0.000360062229278
19.3 0.000580056174946 0.000349603435381
19.4 0.000599136283154 0.000356413956801
19.5 0.000576752469927 0.00034790055688
19.6 0.000576292844932 0.000360429299778
19.7 0.000576125445182 0.000377795776893
19.8 0.00056443560773 0.000381551130836
19.9 0.000567985525551 0.000366224457182
