1.0 0.0 7.22549264502e-05
1.0 0.5 0.000104774874855
1.0 1.0 0.000173751283612
1.0 1.5 0.000245352067066
1.0 2.0 0.000323108042747
1.0 2.5 0.000385983254335
1.0 3.0 0.000462267868698
1.0 3.5 0.000531984040057
1.0 4.0 0.00060035440607
1.0 4.5 0.000651010491173
1.0 5.0 0.000725601825677
1.0 5.5 0.000771386752742
1.0 6.0 0.000829491924925
1.0 6.5 0.000900977862375
1.0 7.0 0.000961613404696
1.0 7.5 0.00103146465524
1.0 8.0 0.0010585380982
1.0 8.5 0.00110527846755
1.0 9.0 0.00116332228091
1.0 9.5 0.00121918572247
2.0 0.0 0.000120981792623
2.0 0.5 0.000129113938824
2.0 1.0 0.000147251882697
2.0 1.5 0.00016697801476
2.0 2.0 0.000188744880507
2.0 2.5 0.000212506034749
2.0 3.0 0.000234868019527
2.0 3.5 0.000252337057749
2.0 4.0 0.00027292171347
2.0 4.5 0.000301037588941
2.0 5.0 0.000325583568999
2.0 5.5 0.000353886445176
2.0 6.0 0.000361793135961
2.0 6.5 0.00039283599247
2.0 7.0 0.000401852532786
2.0 7.5 0.000432630489134
2.0 8.0 0.000458288186827
2.0 8.5 0.000460473542947
2.0 9.0 0.000479197294665
2.0 9.5 0.000502334378267
3.0 0.0 0.000145279211596
3.0 0.5 0.000161262565626
3.0 1.0 0.000173224614438
3.0 1.5 0.000182454477164
3.0 2.0 0.000198810862144
3.0 2.5 0.000217704219606
3.0 3.0 0.000234737183412
3.0 3.5 0.000259358913958
3.0 4.0 0.00026878348905
3.0 4.5 0.000276847806892
3.0 5.0 0.000304623751249
3.0 5.5 0.000314631879329
3.0 6.0 0.000335923369542
3.0 6.5 0.000347573052222
3.0 7.0 0.000368325089523
3.0 7.5 0.000370029330819
3.0 8.0 0.000388849473307
3.0 8.5 0.000404000421799
3.0 9.0 0.000417896584853
3.0 9.5 0.000427255101267
4.0 0.0 0.000129907320993
4.0 0.5 0.000136969340834
4.0 1.0 0.000142201548984
4.0 1.5 0.000154716272953
4.0 2.0 0.000163582033316
4.0 2.5 0.000177009797106
4.0 3.0 0.000187840511578
4.0 3.5 0.000201834363199
4.0 4.0 0.000219481455594
4.0 4.5 0.000219299241486
4.0 5.0 0.000239951316009
4.0 5.5 0.000252816245377
4.0 6.0 0.000261256058493
4.0 6.5 0.00027554657551
4.0 7.0 0.000285274716517
4.0 7.5 0.000294699866144
4.0 8.0 0.000303895095549
4.0 8.5 0.000313715941641
4.0 9.0 0.000324753972298
4.0 9.5 0.000338271263108
5.0 0.0 0.000123049891442
5.0 0.5 0.000125812288978
5.0 1.0 0.000139400159534
5.0 1.5 0.000146336251282
5.0 2.0 0.000154131325246
5.0 2.5 0.000165989777488
5.0 3.0 0.000177127388696
5.0 3.5 0.000188941121066
5.0 4.0 0.000198259845897
5.0 4.5 0.000206588486746
5.0 5.0 0.000217577254677
5.0 5.5 0.000229623864694
5.0 6.0 0.000235307446177
5.0 6.5 0.000245654547563
5.0 7.0 0.00025528143867
5.0 7.5 0.000267419284388
5.0 8.0 0.000276874334219
5.0 8.5 0.000286505511731
5.0 9.0 0.000291355629441
5.0 9.5 0.000306437441147
6.0 0.0 0.000142235641507
6.0 0.5 0.000138698676199
6.0 1.0 0.000136042087644
6.0 1.5 0.000132366489868
6.0 2.0 0.000133765551633
6.0 2.5 0.000132948232921
6.0 3.0 0.00014155230766
6.0 3.5 0.000149961670562
6.0 4.0 0.000157667584834
6.0 4.5 0.000164992761311
6.0 5.0 0.000174968352713
6.0 5.5 0.000187912135341
6.0 6.0 0.000193297619748
6.0 6.5 0.000205604487836
6.0 7.0 0.000217503890314
6.0 7.5 0.000228549380747
6.0 8.0 0.000239718583982
6.0 8.5 0.000249977015472
6.0 9.0 0.000260782356778
6.0 9.5 0.000262403000086
7.0 0.0 0.000117800534725
7.0 0.5 0.000120909802824
7.0 1.0 0.000126742212508
7.0 1.5 0.000130547485243
7.0 2.0 0.000134357565478
7.0 2.5 0.00014003287746
7.0 3.0 0.000144148251792
7.0 3.5 0.000153056316641
7.0 4.0 0.000160166341629
7.0 4.5 0.000166020682328
7.0 5.0 0.000169998195916
7.0 5.5 0.000178514674906
7.0 6.0 0.000183765352054
7.0 6.5 0.000189881622523
7.0 7.0 0.00019882171068
7.0 7.5 0.000206768747717
7.0 8.0 0.000216240476583
7.0 8.5 0.000219259389539
7.0 9.0 0.000221133476035
7.0 9.5 0.000227099017982
8.0 0.0 0.000146140544328
8.0 0.5 0.000142723052806
8.0 1.0 0.000139399181808
8.0 1.5 0.000147977229168
8.0 2.0 0.000151182264221
8.0 2.5 0.000155848569578
8.0 3.0 0.000154888382949
8.0 3.5 0.000160794716931
8.0 4.0 0.000165998434938
8.0 4.5 0.000170804433054
8.0 5.0 0.000176801080948
8.0 5.5 0.000179511731684
8.0 6.0 0.000186702144926
8.0 6.5 0.000192424773616
8.0 7.0 0.000199699671436
8.0 7.5 0.000205854465049
8.0 8.0 0.000215671565049
8.0 8.5 0.000225713177343
8.0 9.0 0.000224709288809
8.0 9.5 0.00022651645525
9.0 0.0 0.000149631304639
9.0 0.5 0.00014943767435
9.0 1.0 0.000147833231354
9.0 1.5 0.000149633849524
9.0 2.0 0.000150490898056
9.0 2.5 0.000153191963051
9.0 3.0 0.000156587482317
9.0 3.5 0.000159492267248
9.0 4.0 0.000159124400224
9.0 4.5 0.000163019478672
9.0 5.0 0.00016767448458
9.0 5.5 0.000174384763491
9.0 6.0 0.000180831246238
9.0 6.5 0.000183474010726
9.0 7.0 0.000183474552559
9.0 7.5 0.000195055950465
9.0 8.0 0.000200675143413
9.0 8.5 0.000205590094905
9.0 9.0 0.000213146392988
9.0 9.5 0.000210785357693
10.0 0.0 0.000135288122848
10.0 0.5 0.000137796090857
10.0 1.0 0.000136943241837
10.0 1.5 0.000138963139907
10.0 2.0 0.000136898592065
10.0 2.5 0.000138250103682
10.0 3.0 0.000139897576082
10.0 3.5 0.000142731611955
10.0 4.0 0.000143804513475
10.0 4.5 0.000144031932036
10.0 5.0 0.000150445078243
10.0 5.5 0.000149645480693
10.0 6.0 0.000155841558872
10.0 6.5 0.000163663299822
10.0 7.0 0.000164435966181
10.0 7.5 0.000168537510063
10.0 8.0 0.00017197847307
10.0 8.5 0.000174087912278
10.0 9.0 0.000176675196579
10.0 9.5 0.000183433385711
11.0 0.0 0.000148372629642
11.0 0.5 0.000143085516755
11.0 1.0 0.000146452833261
11.0 1.5 0.000145306018519
11.0 2.0 0.00015090345464
11.0 2.5 0.000145309755704
11.0 3.0 0.000145365938179
11.0 3.5 0.000152159570767
11.0 4.0 0.000150611960906
11.0 4.5 0.000149849250555
11.0 5.0 0.000154425522858
11.0 5.5 0.00015198609176
11.0 6.0 0.00015944357758
11.0 6.5 0.000162154814749
11.0 7.0 0.000161551977617
11.0 7.5 0.000163781037337
11.0 8.0 0.000164370292948
11.0 8.5 0.000171211577056
11.0 9.0 0.000171456183975
11.0 9.5 0.000174035920908
12.0 0.0 0.000124042569733
12.0 0.5 0.000121806512816
12.0 1.0 0.000120760583935
12.0 1.5 0.00011816136643
12.0 2.0 0.000119400743311
12.0 2.5 0.00011944602283
12.0 3.0 0.00012195619285
12.0 3.5 0.000122528221689
12.0 4.0 0.000121380460406
12.0 4.5 0.000121474610092
12.0 5.0 0.000121807490144
12.0 5.5 0.000129944283218
12.0 6.0 0.000121986563594
12.0 6.5 0.000124928186251
12.0 7.0 0.000130786004125
12.0 7.5 0.000131259937153
12.0 8.0 0.000128601187116
12.0 8.5 0.000130654911922
12.0 9.0 0.000135005510539
12.0 9.5 0.000134947898021
13.0 0.0 0.000138980570243
13.0 0.5 0.000137382091608
13.0 1.0 0.000140383711075
13.0 1.5 0.00013783923065
13.0 2.0 0.000139971717787
13.0 2.5 0.000139690091236
13.0 3.0 0.000143577465738
13.0 3.5 0.000145699606051
13.0 4.0 0.000147251792467
13.0 4.5 0.000149925158012
13.0 5.0 0.000148910113767
13.0 5.5 0.000153415305264
13.0 6.0 0.000153977733551
13.0 6.5 0.000154985426102
13.0 7.0 0.00016187805487
13.0 7.5 0.000161943256352
13.0 8.0 0.000168288662186
13.0 8.5 0.00016880589399
13.0 9.0 0.000174492951913
13.0 9.5 0.000175859950657
14.0 0.0 0.000210360851261
14.0 0.5 0.000200566930734
14.0 1.0 0.000203584564494
14.0 1.5 0.00019096868378
14.0 2.0 0.000193117418324
14.0 2.5 0.000193028245906
14.0 3.0 0.000193438685397
14.0 3.5 0.000194523605626
14.0 4.0 0.000189037450035
14.0 4.5 0.000193113988999
14.0 5.0 0.000186638084304
14.0 5.5 0.000194610652667
14.0 6.0 0.000195787131281
14.0 6.5 0.000196121314483
14.0 7.0 0.000202208689134
14.0 7.5 0.00019919186585
14.0 8.0 0.000199934538767
14.0 8.5 0.000203611720153
14.0 9.0 0.000208705609526
14.0 9.5 0.000215851520083
15.0 0.0 0.000160868785313
15.0 0.5 0.000153902584872
15.0 1.0 0.000156186176294
15.0 1.5 0.0001542407954
15.0 2.0 0.00015203546566
15.0 2.5 0.000149351739659
15.0 3.0 0.000155656515091
15.0 3.5 0.000154062207214
15.0 4.0 0.000147823965127
15.0 4.5 0.000151073318551
15.0 5.0 0.000153672462712
15.0 5.5 0.000149078575029
15.0 6.0 0.00015109166217
15.0 6.5 0.000151353853083
15.0 7.0 0.000153787297622
15.0 7.5 0.000151778556723
15.0 8.0 0.000161299690361
15.0 8.5 0.000156031794299
15.0 9.0 0.000154375559223
15.0 9.5 0.000159426946276
16.0 0.0 0.000179965943409
16.0 0.5 0.000177715465704
16.0 1.0 0.00017284283057
16.0 1.5 0.00017515017779
16.0 2.0 0.000176524590911
16.0 2.5 0.000172011480528
16.0 3.0 0.000171288079136
16.0 3.5 0.000166332951572
16.0 4.0 0.000169099360073
16.0 4.5 0.000171878808576
16.0 5.0 0.000167473781332
16.0 5.5 0.00017150388247
16.0 6.0 0.000170166511191
16.0 6.5 0.000172593510916
16.0 7.0 0.000172405777357
16.0 7.5 0.000174992102179
16.0 8.0 0.000173897387871
16.0 8.5 0.000179743280181
16.0 9.0 0.00018023849156
16.0 9.5 0.000183043219506
17.0 0.0 0.000241019351749
17.0 0.5 0.000236496403743
17.0 1.0 0.000231891374628
17.0 1.5 0.000231607336439
17.0 2.0 0.000236129635838
17.0 2.5 0.000223188885095
17.0 3.0 0.000227488338389
17.0 3.5 0.000222179366754
17.0 4.0 0.000228186237332
17.0 4.5 0.000214651062879
17.0 5.0 0.000218053224861
17.0 5.5 0.000215701682168
17.0 6.0 0.000220255052088
17.0 6.5 0.000220627818736
17.0 7.0 0.000217838196809
17.0 7.5 0.000216539087846
17.0 8.0 0.000216971812177
17.0 8.5 0.000218417006001
17.0 9.0 0.000223796360329
17.0 9.5 0.00022296915135
18.0 0.0 0.000199771943047
18.0 0.5 0.0001953385778
18.0 1.0 0.00019281563426
18.0 1.5 0.000194235335075
18.0 2.0 0.000188087431814
18.0 2.5 0.000184035617866
18.0 3.0 0.000186631767894
18.0 3.5 0.000184585086526
18.0 4.0 0.000190786054331
18.0 4.5 0.00018816720157
18.0 5.0 0.000187439964875
18.0 5.5 0.000181281388518
18.0 6.0 0.000186170098548
18.0 6.5 0.000191382582296
18.0 7.0 0.000184833090941
18.0 7.5 0.000190740038314
18.0 8.0 0.000192187717431
18.0 8.5 0.000187793887432
18.0 9.0 0.000192851178797
18.0 9.5 0.00019047811639
19.0 0.0 0.000274783091118
19.0 0.5 0.000263031937862
19.0 1.0 0.000263508027279
19.0 1.5 0.000264740971971
19.0 2.0 0.000258021607477
19.0 2.5 0.000251422990748
19.0 3.0 0.00024526878502
19.0 3.5 0.000242103910978
19.0 4.0 0.000252236987194
19.0 4.5 0.000242692801917
19.0 5.0 0.000245561281539
19.0 5.5 0.000243537872508
19.0 6.0 0.000241374917817
19.0 6.5 0.00024658930803
19.0 7.0 0.000248702791451
19.0 7.5 0.000238806897649
19.0 8.0 0.000234890738605
19.0 8.5 0.000244629802126
19.0 9.0 0.000239914222207
19.0 9.5 0.000242356199
20.0 0.0 0.000269529972143
20.0 0.5 0.000263510326876
20.0 1.0 0.000268705698804
20.0 1.5 0.000262061367212
20.0 2.0 0.00026004319465
20.0 2.5 0.000254266894673
20.0 3.0 0.0002506761619
20.0 3.5 0.000253503842195
20.0 4.0 0.000249283899402
20.0 4.5 0.000243293593446
20.0 5.0 0.000242835344688
20.0 5.5 0.000241365876052
20.0 6.0 0.000236495148575
20.0 6.5 0.000239356320072
20.0 7.0 0.000238191035875
20.0 7.5 0.000237580737823
20.0 8.0 0.000244472646322
20.0 8.5 0.000241540600526
20.0 9.0 0.000238029721748
20.0 9.5 0.000244390776934
